00000000001111111111110000000000
00000000111100000000001110000000
00000011000000000000000001100000
00000100000000000000000000010000
00001000000000000000000000001000
00110000000000000000000000000110
01000000000000000000000000000010
10000000000000000000000000000001
10000000000000000000000000000001
10000000000000000000000000000001
10000111110000000000001111100001
10011111111000000000011111111001
10111111111100000000111111111101
10111110011100000000111001111101
01111110011100000000111001111110
01011111111000011000011111111010
00100111111000011000011111100100
00100000010000111100001000000100
01000001100000111100000110000010
01000100000000111100000000100010
01000100000000000000000000100010
01001101100000000000000111110010
00100101001111111111111011100100
00100011000100100010001010000100
00010001100100100010001100001000
00001000011100100010011000010000
00000110000111111111100001100000
00000001110000000000001110000000
00000000001111111111110000000000
00000000000000000000000000000000
00000000000000000000000000000000
00000000000000000000000000000000
